version https://git-lfs.github.com/spec/v1
oid sha256:4e3eb347dbf3ce6d33779c63de28d0648453360e9ab7447d88bc2eb7afd76c29
size 48509
